0 1 
1 2 3 4 1 | 5 1 | null 
5 6 ; 
4 ( 7 ) { 8 } | 9 ; 
7 10 11 | null 
11 , 10 11 | null 
10 2 12 
12 3 13 
8 14 8 | 15 8 | null 
14 16 | 17 | 18 
16 19 ; 
18 if ( 20 ) { 8 } 21 
21 else 22 | null 
22 { 8 } | 18 
17 while ( 20 ) { 8 } | for ( 23 ; 24 ; 25 ) { 8 } 
23 19 | null 
24 20 | null 
25 19 | null 
15 continue ; | break ; 
26 getc 3 
27 putc 28 | puts 29 
28 3 | 30 
31 32 | null 
32 33 = 20 | . 3 = 20 | = 20 
34 ( 35 ) 
35 36 37 | null 
37 , 36 37 | null 
36 20 
38 20 | null 
2 int | float | bool | char 
20 39 
39 40 41 
41 > 40 | >= 40 | < 40 | <= 40 | == 40 | != 40 | null 
40 42 
42 43 44 
44 + 43 44 | - 43 44 | null 
43 45 46 
46 * 45 46 | / 45 46 | null 
45 47 
47 48 | ! 48 | - 48 
48 3 49 | 50 | ( 20 ) 
49 33 | . 3 | 34 | null 
19 2 51 | 3 31 | return 38 | 27 | 26 | 6 
6 struct 3 52 
52 53 | 54 
53 3 
54 { 55 ; 56 } 
51 3 13 
13 9 | 57 
9 [ 58 ] | null 
57 = 20 
55 2 3 9 
56 55 ; 56 | null 
3 @I 
59 3 | 58 
33 [ 59 ] | null 
50 58 | 60 | 61 | 30 | 29 
58 #INT 
60 #FLT 
30 #CH 
29 #STR 
61 true | false 
